14.134725
21.022040
25.010858
30.424876
32.935062
37.586178
40.918719
43.327073
48.005151
49.773832
52.970321
56.446248
59.347044
60.831779
65.112544
67.079811
69.546402
72.067158
75.704691
77.144840
79.337375
82.910381
84.735493
87.425275
88.809111
92.491899
94.651344
95.870634
98.831194
101.317851
103.725538
105.446623
107.168611
111.029536
111.874659
114.320221
116.226680
118.790783
121.370125
122.946829
124.256819
127.516684
129.578704
131.087689
133.497737
134.756510
138.116042
139.736209
141.123707
143.111846
146.000982
147.422765
150.053520
150.925258
153.024694
156.112909
157.597592
158.849988
161.188964
163.030710
165.537069
167.184440
169.094515
169.911976
173.411537
174.754192
176.441434
178.377408
179.916484
182.207078
184.874468
185.598784
187.228923
189.416159
192.026656
193.079727
195.265397
196.876482
198.015310
201.264752
202.493595
204.189672
205.394697
207.906259
209.576510
211.690863
213.347919
214.547045
216.169539
219.067596
220.714919
221.430706
224.007000
224.983325
227.421444
229.337413
231.250189
231.987235
233.693404
236.524230
237.769820
239.555478
241.049158
242.823272
244.070898
247.136990
248.101990
249.573690
251.014948
253.069987
255.306256
256.380714
258.610439
259.874407
260.805085
263.573894
265.557852
266.614974
267.921915
269.970449
271.494056
273.459609
275.587493
276.452050
278.250744
279.229251
282.465115
283.211186
284.835964
286.667445
287.911921
289.579855
291.846291
293.558434
294.965370
295.573255
297.979277
299.840326
301.649325
302.696750
304.864371
305.728913
307.219496
310.109463
311.165142
312.427801
313.985286
315.475616
317.734806
318.853104
321.160134
322.144559
323.466970
324.862866
327.443901
329.033072
329.953240
331.474468
333.645379
334.211355
336.841850
338.339993
339.858217
341.042261
342.054878
344.661703
346.347871
347.272678
349.316261
350.408419
351.878649
353.488900
356.017575
357.151302
357.952685
359.743755
361.289362
363.331331
364.736024
366.212710
367.993575
368.968438
370.050919
373.061928
373.864874
375.825913
376.324092
378.436680
379.872975
381.484469
383.443529
384.956117
385.861301
387.222890
388.846128
391.456084
392.245083
393.427744
395.582870
396.381854
397.918736
399.985120
401.839229
402.861918
404.236442
405.134387
407.581460
408.947246
410.513869
411.972268
413.262736
415.018810
415.455215
418.387706
419.861365
420.643828
422.076710
423.716580
425.069882
427.208825
428.127914
430.328745
431.301307
432.138642
433.889218
436.161006
437.581698
438.621739
439.918442
441.683199
442.904546
444.319336
446.860623
447.441704
449.148546
450.126946
451.403308
453.986738
454.974684
456.328427
457.903893
459.513415
460.087944
462.065367
464.057287
465.671539
466.570287
467.439046
469.536005
470.773655
472.799175
473.835232
475.600339
476.769015
478.075264
478.942182
481.830339
482.834783
483.851427
485.539148
486.528718
488.380567
489.661762
491.398822
493.314442
493.957998
495.358829
496.429696
498.580782
500.309085
501.604447
502.276270
504.499773
505.415232
506.464153
508.800700
510.264228
511.562290
512.623145
513.668986
515.435057
517.589669
518.234223
520.106310
521.525193
522.456696
523.960531
525.077386
527.903642
528.406214
529.806226
530.866918
532.688183
533.779631
535.664314
537.069759
538.428526
540.213166
540.631390
541.847437
544.323890
545.636833
547.010912
547.931613
549.497568
550.970010
552.049572
553.764972
555.792021
556.899476
557.564659
559.316237
560.240807
562.559208
564.160879
564.506056
566.698788
567.731758
568.923955
570.051115
572.419984
573.614611
575.093886
575.807247
577.039003
579.098835
580.136959
581.946576
583.236088
584.561706
585.984563
586.742772
588.139663
590.660398
591.725858
592.571358
593.974715
595.728154
596.362768
598.493077
599.545640
601.602137
602.579168
603.625619
604.616218
606.383460
608.413217
609.389575
610.839163
611.774210
613.599779
614.646238
615.538563
618.112831
619.184483
620.272894
621.709295
622.375003
624.269900
626.019283
627.268397
628.325862
630.473887
630.805781
632.225141
633.546858
635.523800
637.397193
637.925514
638.927938
640.694795
641.945500
643.278884
644.990578
646.348192
647.761753
648.786401
650.197519
650.668684
653.649572
654.301921
655.709463
656.964085
658.175614
659.663846
660.716733
662.296586
664.244605
665.342763
666.515148
667.148495
668.975849
670.323585
672.458184
673.043578
674.355898
676.139674
677.230181
677.800445
679.742198
681.894992
682.602735
684.013550
684.972630
686.163224
687.961543
689.368941
690.474735
692.451684
693.176970
694.533909
695.726336
696.626070
699.132095
700.296739
701.301743
702.227343
704.033839
705.125814
706.184655
708.269071
709.229589
711.130274
711.900290
712.749383
714.082772
716.112396
717.482570
718.742787
719.697101
721.351162
722.277505
723.845821
724.562614
727.056403
728.405482
728.758750
730.416482
731.417355
732.818053
734.789643
735.765459
737.052929
738.580421
739.909524
740.573807
741.757336
743.895013
745.344990
746.499306
747.674564
748.242754
750.655950
750.966381
752.887622
754.322370
755.839309
756.768248
758.101729
758.900238
760.282367
762.700033
763.593066
764.307523
766.087540
767.218472
768.281462
769.693407
771.070839
772.961618
774.117745
775.047847
775.999712
777.299749
779.157077
780.348925
782.137664
782.597944
784.288823
785.739090
786.461147
787.468464
790.059092
790.831620
792.427708
792.888653
794.483792
795.606596
797.263470
798.707570
799.654336
801.604246
802.541985
803.243096
804.762239
805.861636
808.151815
809.197783
810.081805
811.184359
812.771108
814.045914
814.870540
816.727738
818.380669
819.204642
820.721898
821.713454
822.197757
824.526294
826.039287
826.905811
828.340174
829.437011
830.895884
831.799778
833.003641
834.651915
836.693576
837.347335
838.249022
839.465395
841.036390
842.041354
844.166197
844.805994
846.194770
847.971718
848.489281
849.862274
850.645448
853.163113
854.095512
855.286710
856.484117
857.310741
858.904026
860.410671
861.171098
863.189720
864.340824
865.594664
866.423740
867.693123
868.670494
870.846902
872.188751
873.098979
873.908389
875.985285
876.600826
877.654698
879.380952
880.834649
882.386697
883.430332
884.198743
885.272304
886.852802
888.475567
889.735294
890.813132
892.386433
893.119118
894.886292
895.397920
896.632252
899.221523
899.858885
900.849740
902.243208
903.099674
904.702903
905.829941
907.656729
908.333544
910.186334
911.234951
912.331046
912.823999
914.730097
916.355001
917.825378
918.836535
919.448344
921.156396
922.500629
923.285720
924.773484
926.551553
927.850859
928.663659
929.874093
931.009211
931.852741
934.385307
934.995425
936.228649
937.532926
939.024301
939.660941
941.157000
942.052342
944.188036
945.333563
946.765842
947.079183
948.346646
950.151613
951.033249
952.727989
954.129719
954.829309
956.675479
957.510053
958.414593
959.459169
961.669572
963.182087
963.567040
965.055580
966.110755
967.371154
968.636302
970.125611
971.071491
973.185361
973.873079
974.774635
976.178502
976.917202
978.766672
980.578001
981.288615
982.396485
983.575076
985.186929
986.130515
986.756008
988.992622
990.223918
991.374294
992.728696
993.214581
994.404591
996.205336
997.511935
998.827547
999.791572
1001.349483
1002.404305
1003.267808
1004.675044
1005.543420
1008.006704
1008.795710
1009.806591
1010.569757
1012.410043
1013.058638
1014.689633
1016.060179
1017.266402
1018.605573
1019.912440
1020.917475
1021.544344
1022.885271
1025.265724
1025.707944
1027.467694
1028.128964
1029.227297
1030.897369
1031.833180
1032.812883
1034.612916
1036.195917
1037.024708
1038.087752
1039.077401
1040.264038
1041.621528
1043.623954
1044.514976
1045.107042
1047.089817
1047.987147
1048.953785
1049.996284
1051.576572
1053.245785
1054.781039
1055.002146
1056.688847
1057.100044
1059.133769
1060.139519
1061.501304
1062.915382
1064.071551
1065.121855
1066.463223
1067.418860
1067.990000
1070.535042
1071.618623
1072.543998
1073.570353
1074.747771
1076.266626
1076.924056
1078.647198
1079.809965
1081.171002
1082.952750
1083.295467
1084.183264
1085.647831
1086.911999
1088.755725
1089.795338
1090.863191
1091.728473
1093.440873
1094.284458
1095.433085
1096.401918
1098.841015
1099.360667
1100.574461
1101.839111
1102.551780
1103.732297
1105.617189
1106.774372
1107.774532
1109.158919
1110.444143
1111.443505
1112.432995
1113.397595
1115.065359
1116.787254
1117.965920
1118.684135
1119.473247
1121.155938
1122.458621
1123.101117
1125.314729
1125.763442
1127.658024
1128.430225
1129.728997
1130.391598
1131.495086
1133.708626
1134.885655
1135.562214
1136.929293
1138.151590
1138.992342
1140.721848
1141.261023
1142.858660
1144.782300
1145.485328
1146.576815
1147.501777
1148.615277
1149.982601
1151.562815
1152.943129
1153.890304
1154.697520
1156.621568
1157.432315
1158.001609
1159.480657
1161.396645
1162.487529
1163.701032
1164.737586
1165.271228
1166.943613
1168.086272
1169.698357
1170.463639
1172.120682
1173.305688
1174.232767
1175.215452
1176.632876
1177.106304
1179.701224
1180.653544
1181.267318
1182.582270
1183.712775
1185.155843
1185.875359
1187.345161
1188.856444
1189.963636
1191.482606
1192.218611
1193.324021
1193.857427
1196.034672
1197.071787
1198.686569
1199.356514
1200.532692
1201.810335
1203.137351
1203.855248
1204.985492
1206.870500
1208.471460
1208.989484
1209.898030
1211.416116
1212.113153
1213.598373
1215.389975
1216.183722
1217.174482
1219.050028
1219.614471
1220.816348
1221.692242
1222.952484
1225.018330
1225.855021
1227.231828
1227.917142
1228.793154
1230.584603
1231.562274
1232.529587
1234.277817
1235.502549
1236.399017
1237.977299
1238.457233
1239.490807
1240.813472
1243.078076
1243.538147
1244.851434
1245.655866
1247.372562
1248.063061
1249.159888
1250.672397
1251.659832
1253.673578
1254.431328
1255.408231
1256.181214
1257.541219
1258.779233
1260.344548
1261.611717
1262.556614
1263.676733
1264.957223
1266.179038
1267.200346
1267.570572
1270.118922
1271.134300
1272.083960
1273.261145
1274.196221
1275.092030
1276.842172
1277.763092
1279.332843
1280.155794
1281.828727
1283.000491
1283.335032
1284.854795
1285.695023
1287.410027
1289.165352
1290.104772
1290.417708
1291.945871
1293.493982
1294.118474
1295.365364
1296.801111
1298.256527
1299.405171
1300.490019
1301.495517
1302.346742
1303.273200
1305.401672
1306.508393
1307.267242
1308.988197
1309.421532
1311.056571
1311.966941
1313.031599
1314.052566
1316.212113
1317.072986
1318.171279
1318.947881
1319.931083
1321.628139
1322.258067
1324.224979
1325.237624
1325.981970
1327.635281
1329.043518
1329.205019
1330.429937
1331.827591
1333.673523
1334.747329
1335.694975
1336.690185
1337.688792
1338.923165
1340.426400
1341.166272
1342.608508
1344.156044
1345.477106
1345.731413
1347.519472
1348.017238
1349.085194
1351.296206
1352.210465
1353.483338
1353.886782
1355.680595
1356.605656
1357.771743
1358.460160
1360.393145
1361.393075
1363.022329
1363.879191
1364.576585
1365.493734
1367.104091
1368.330193
1369.686949
1370.973523
1371.686554
1373.202915
1374.154799
1375.302392
1376.161780
1377.177634
1379.683283
1380.148578
1381.073977
1382.345663
1383.297591
1384.444416
1385.663777
1387.326648
1387.921454
1389.565832
1390.705490
1391.853200
1392.644028
1393.433402
1394.884185
1396.544163
1397.834623
1398.837675
1399.839473
1400.426946
1402.564347
1402.973748
1404.006292
1405.666975
1407.085143
1408.136307
1409.320681
1410.024811
1411.257057
1411.965653
1413.843149
1415.585785
1415.781581
1417.102823
1418.696964
1419.422481
